function  cubeInfo = createCubeObject(cubeInfo)

    cubeInfo.axisX = [1 5 1  1 3 1  0 4 0  0 4.8 0  1 3 1  0 4 0  0 4.8 0  1 3 1  0 4 0  0 4.8 0  0 0 6 6 0  6 8 6  5 9 5  5 9.8 5  6 8 6  5 9 5  5 9.8 5  6 8 6  5 9 5  5 9.8 5  13 15 13  13 15 13  13 15 13  18 20 18  18 20 18  18 20 18  25 27 25  25 27 25  25 27 25  12 16 12  12 16 12  12 16 12  17 21 17   17 21 17  17 21 17  24 28 24  24 28 24   24 28 24  12 16.8 12  12 16.8 12  12 16.8 12  17 21.8 17  17 21.8 17  17 21.8 17  24 28.8 24  24 28.8 24  24 28.8 24  9 11 9  14 17 20  25 25 25  28 28 28];
   cubeInfo.axisY = [0 0 0  6 6 6  8 8 8  8 8 9.8  12 12 12  14 14 14  14 14 15.8  18 18 18   20 20 20  20 20 21.8  23 26 23 26 23  6 6 6  8 8 8  8 8 9.8  12 12 12  14 14 14  14 14 15.8  18 18 18  20 20 20  20 20 21.8  6 6 6  12 12 12  18 18 18  6 6 6  12 12 12  18 18 18  6 6 6  12 12 12  18 18 18  8 8 8  14 14 14  20 20 20  8 8 8   14 14 14  20 20 20  8 8 8  14 14 14  20 20 20  8 8 9.8  14 14 15.8   20 20 21.8  8 8 9.8  14 14 15.8  20 20 21.8   8 8 9.8   14 14 15.8  20 20 21.8  26 26 26  29 29 29  24 28 24  25 27 25];
     cubeInfo.axisZ = [0 0 3  0 0 1.5  0 0 3  3.3 3.3 3.3  0 0 1.5  0 0 3  3.3 3.3 3.3  0 0 1.5  0 0 3  3.3 3.3 3.3  0 0 0 0 2  0 0 1.5  0 0 3  3.3 3.3 3.3  0 0 1.5  0 0 3  3.3 3.3 3.3  0 0 1.5  0 0 3  3.3 3.3 3.3  0 0 1.5  0 0 1.5  0 0 1.5  0 0 1.5  0 0 1.5  0 0 1.5  0 0 1.5  0 0 1.5  0 0 1.5  0 0 3  0 0 3  0 0 3   0 0 3  0 0 3  0 0 3  0 0 3  0 0 3  0 0 3  3.3 3.3 3.3  3.3 3.3 3.3  3.3 3.3 3.3  3.3 3.3 3.3  3.3 3.3 3.3  3.3 3.3 3.3  3.3 3.3 3.3  3.3 3.3 3.3  3.3 3.3 3.3  0 0 1.5  0 0 0  0 0 3  0 0 1.5]  ;
    cubeInfo.length =[1 1 5  1 1 3  1 1 5  0.2 0.2 5  1 1 3  1 1 5  0.2 0.2 5  1 1 3  1 1 5  0.2 0.2 5  1 1 1 1 7  1 1 3  1 1 5  0.2 0.2 5  1 1 3  1 1 5  0.2 0.2 5  1 1 3  1 1 5  0.2 0.2 5  1 1 3  1 1 3  1 1 3  1 1 3  1 1 3  1 1 3  1 1 3  1 1 3  1 1 3  1 1 5  1 1 5  1 1 5  1 1 5  1 1 5  1 1 5  1 1 5  1 1 5  1 1 5  0.2 0.2 5  0.2 0.2 5  0.2 0.2 5  0.2 0.2 5  0.2 0.2 5  0.2 0.2 5  0.2 0.2 5   0.2 0.2 5   0.2 0.2 5  1 1 3  3 3 3  2 2 2  1 1 1];
  cubeInfo.width = [2 2 2  1 1 1  2 2 2  2 2 0.2  1 1 1  2 2 2  2 2 0.2  1 1 1  2 2 2  2 2 0.2  1 1 1 1 4  1 1 1  2 2 2  2 2 0.2  1 1 1  2 2 2  2 2 0.2  1 1 1  2 2 2  2 2 0.2  1 1 1  1 1 1  1 1 1  1 1 1  1 1 1  1 1 1  1 1 1  1 1 1  1 1 1  2 2 2  2 2 2  2 2 2  2 2 2  2 2 2  2 2 2  2 2 2  2 2 2  2 2 2  2 2 0.2  2 2 0.2  2 2 0.3  2 2 0.3  2 2 0.3   2 2 0.3   2 2 0.3   2 2 0.3   2 2 0.3  1 1 1  1 1 1  1 1 5  1 1 3];
cubeInfo.height = [3 3 0.3  1.5 1.5 0.2  3 3 0.3  1 1 1  1.5 1.5 0.2  3 3 0.3  1 1 1  1.5 1.5 0.2  3 3 0.3  1 1 1  2 2 2 2 0.2  1.5 1.5 0.2  3 3 0.3  1 1 1  1.5 1.5 0.2  3 3 0.3  1 1 1  1.5 1.5 0.2  3 3 0.3  1 1 1  1.5 1.5 0.2  1.5 1.5 0.2  1.5 1.5 0.2  1.5 1.5 0.2  1.5 1.5 0.2  1.5 1.5 0.2  1.5 1.5 0.2  1.5 1.5 0.2  1.5 1.5 0.2  3 3 0.3  3 3 0.3  3 3 0.3  3 3 0.3  3 3 0.3  3 3 0.3  3 3 0.3  3 3 0.3  3 3 0.3  1 1 1  1 1 1  1 1 1  1 1 1  1 1 1  1 1 1  1 1 1  1 1 1  1 1 1  1.5 1.5 0.3  5 4 6  3 3 0.3  1.5 1.5 0.2]  ;

cubeInfo.exist = 1;

end

